# Created by Octave 7.3.0, Mon Dec 08 01:03:23 2025 GMT <unknown@LAPTOP-V5VVR89L>
# name: X
# type: matrix
# rows: 35
# columns: 2
 200.02288913726807 226.34345436096191
 79.996741771697998 308.63651180267334
 73.640812397003174 251.4259352684021
 94.363183736801147 193.42451424896717
 182.42350912094116 364.40627717971802
 75.73597377538681 438.66436326503754
 193.01613664627075 557.33921670913696
 150.96301531791687 549.30124425888062
 117.51226282119751 506.68785119056702
 173.70125150680542 426.789086997509
 299.86748790740967 489.43345880508423
 282.6592812538147 565.07665252685547
 107.71004503965378 549.43690633773804
 224.19533824920654 488.64523506164551
 200.25142526626587 423.12946131825447
 628.4912543296814 260.85696315765381
 537.93474006652832 237.06377840042114
 667.18331146240234 220.70822811126709
 666.23781490325928 219.66263151168823
 579.56062126159668 278.46285200119019
 398.25806140899658 363.80959844589233
 241.52042090892792 331.32374382019043
 311.65142178535461 255.38261032104492
 277.29124546051025 283.74258971214294
 296.65411233901978 266.53165912628174
 630.6298211812973 410.24767255783081
 679.03308725357056 315.4091010093689
 656.65010070800781 410.45761203765869
 695.9128246307373 372.74508571624756
 758.51577377319336 321.50511837005615
 484.36976766586304 467.67552185058594
 342.65382087230682 550.69221544265747
 319.18728297948837 471.49685907363892
 434.65449905395508 519.83691740036011
 404.70672941207886 442.99151587486267


# name: instanceBag
# type: matrix
# rows: 35
# columns: 1
 1
 1
 1
 1
 1
 2
 2
 2
 2
 2
 3
 3
 3
 3
 3
 4
 4
 4
 4
 4
 5
 5
 5
 5
 5
 6
 6
 6
 6
 6
 7
 7
 7
 7
 7


# name: y
# type: matrix
# rows: 7
# columns: 1
 1
 1
 1
 -1
 -1
 -1
 -1


# name: a
# type: matrix
# rows: 1
# columns: 7
 1 51 101 151 201 251 301


# name: b
# type: matrix
# rows: 1
# columns: 7
 201 251 301 351 401 451 501


# name: numBags
# type: scalar
7


# name: numPosBags
# type: scalar
3


# name: numPointsPerBag
# type: scalar
5


# name: distBag
# type: scalar
50


# name: distInstanceSameBag
# type: scalar
200


